  1.00000000000000002E-002  3.99999999999599971E+024
  2.00000000000000004E-002  9.76562499937500004E+020
  2.99999999999999989E-002  7.52670568714871910E+018
  4.00000000000000008E-002  2.38418578125000000E+017
  5.00000000000000028E-002   16383999744000000.     
  6.00000000000000047E-002   1837574546257248.8     
  7.00000000000000067E-002   288990429236596.44     
  8.00000000000000017E-002   58207645654678.344     
  8.99999999999999967E-002   14162817119182.904     
  9.99999999999999917E-002   3999996000000.0000     
  0.10999999999999999        1274521012945.7085     
  0.11999999999999998        448625279546.55389     
  0.12999999999999998        171687100967.12228     
  0.13999999999999999        70553781072.250793     
  0.14999999999999999        30829035351.054989     
  0.16000000000000000        14210616296.622902     
  0.17000000000000001        6865346349.8795471     
  0.18000000000000002        3457603256.0361915     
  0.19000000000000003        1807158928.0045111     
  0.20000000000000004        976499999.99999821     
  0.21000000000000005        543739902.72673190     
  0.22000000000000006        311127628.29964077     
  0.23000000000000007        182499493.37942085     
  0.24000000000000007        109507052.06455773     
  0.25000000000000006        67092479.999999821     
  0.26000000000000006        41903049.941880226     
  0.27000000000000007        26639528.522335734     
  0.28000000000000008        17216873.260370053     
  0.29000000000000009        11298625.429097656     
  0.30000000000000010        7521218.7241857182     
  0.31000000000000011        5073808.3194100009     
  0.32000000000000012        3465721.6616551345     
  0.33000000000000013        2395143.1388646788     
  0.34000000000000014        1673561.0823467013     
  0.35000000000000014        1181528.9733182029     
  0.36000000000000015        842332.55740234291     
  0.37000000000000016        606071.11989036202     
  0.38000000000000017        439893.17744638171     
  0.39000000000000018        321924.36007118953     
  0.40000000000000019        237442.01660156110     
  0.41000000000000020        176435.45081194129     
  0.42000000000000021        132031.66005919743     
  0.43000000000000022        99468.250043898341     
  0.44000000000000022        75416.262744153675     
  0.45000000000000023        57529.220585230614     
  0.46000000000000024        44139.942253544585     
  0.47000000000000025        34054.846644600882     
  0.48000000000000026        26413.181465180285     
  0.49000000000000027        20589.881497108418     
  0.50000000000000022        16127.999999999913     
  0.51000000000000023        12691.351514890113     
  0.52000000000000024        10031.077541732824     
  0.53000000000000025        7961.8761544929821     
  0.54000000000000026        6344.9883971738154     
  0.55000000000000027        5075.9419912726844     
  0.56000000000000028        4075.6671557958393     
  0.57000000000000028        3284.0181780169578     
  0.58000000000000029        2655.0220257246006     
  0.59000000000000030        2153.3742271427736     
  0.60000000000000031        1751.8407499609441     
  0.61000000000000032        1429.3216676831089     
  0.62000000000000033        1169.4008386522487     
  0.63000000000000034        959.25437100216845     
  0.64000000000000035        788.82528634082757     
  0.65000000000000036        650.19664991192030     
  0.66000000000000036        537.11336626679713     
  0.67000000000000037        444.61584391761687     
  0.68000000000000038        368.75821183301713     
  0.69000000000000039        306.39071461449959     
  0.70000000000000040        254.99102422677720     
  0.71000000000000041        212.53298552070493     
  0.72000000000000042        177.38412001633304     
  0.73000000000000043        148.22530666047615     
  0.74000000000000044        123.98762723978579     
  0.75000000000000044        103.80254440285869     
  0.76000000000000045        86.962471666123079     
  0.77000000000000046        72.889470654213653     
  0.78000000000000047        61.110325209907401     
  0.79000000000000048        51.236634925329568     
  0.80000000000000049        42.948871850967109     
  0.81000000000000050        35.983575841658471     
  0.82000000000000051        30.123042839984013     
  0.83000000000000052        25.186998892415801     
  0.84000000000000052        21.025860288741779     
  0.85000000000000053        17.515264066338055     
  0.86000000000000054        14.551618667040520     
  0.87000000000000055        12.048475924053248     
  0.88000000000000056        9.9335659638942140     
  0.89000000000000057        8.1463684706451485     
  0.90000000000000058        6.6361189532528435     
  0.91000000000000059        5.3601686307988565     
  0.92000000000000060        4.2826324284557407     
  0.93000000000000060        3.3732722308026748     
  0.94000000000000061        2.6065726491632155     
  0.95000000000000062        1.9609746568875766     
  0.96000000000000063        1.4182389472676471     
  0.97000000000000064       0.96291610002804617     
  0.98000000000000065       0.58190486163043076     
  0.99000000000000066       0.26408325532765975     
   1.0000000000000007      -1.59872115546022542E-014
   1.0100000000000007      -0.21838403995622580     
   1.0200000000000007      -0.39791282641815418     
   1.0300000000000007      -0.54441750596273408     
   1.0400000000000007      -0.66286990460032902     
   1.0500000000000007      -0.75751191383627825     
   1.0600000000000007      -0.83196470745070772     
   1.0700000000000007      -0.88932105830311281     
   1.0800000000000007      -0.93222347294845598     
   1.0900000000000007      -0.96293040710212252     
   1.1000000000000008      -0.98337244937368351     
   1.1100000000000008      -0.99520004990027844     
   1.1200000000000008      -0.99982411292772677     
   1.1300000000000008      -0.99845055855039944     
   1.1400000000000008      -0.99210978101351421     
   1.1500000000000008      -0.98168178289956065     
   1.1600000000000008      -0.96791764100377475     
   1.1700000000000008      -0.95145785652086878     
   1.1800000000000008      -0.93284805584123742     
   1.1900000000000008      -0.91255243593030122     
   1.2000000000000008      -0.89096528758307403     
   1.2100000000000009      -0.86842087886234287     
   1.2200000000000009      -0.84520193813482147     
   1.2300000000000009      -0.82154693998365280     
   1.2400000000000009      -0.79765636679320728     
   1.2500000000000009      -0.77369809305599757     
   1.2600000000000009      -0.74981201767863770     
   1.2700000000000009      -0.72611405112848471     
   1.2800000000000009      -0.70269954863466910     
   1.2900000000000009      -0.67964626739369061     
   1.3000000000000009      -0.65701691446004540     
   1.3100000000000009      -0.63486134241614234     
   1.3200000000000010      -0.61321844175261631     
   1.3300000000000010      -0.59211777193149451     
   1.3400000000000010      -0.57158096716660178     
   1.3500000000000010      -0.55162294788330168     
   1.3600000000000010      -0.53225296448267834     
   1.3700000000000010      -0.51347549632336842     
   1.3800000000000010      -0.49529102565444938     
   1.3900000000000010      -0.47769670350626103     
   1.4000000000000010      -0.46068692220614349     
   1.4100000000000010      -0.44425380717623991     
   1.4200000000000010      -0.42838763894273552     
   1.4300000000000010      -0.41307721479942244     
   1.4400000000000011      -0.39831015828855765     
   1.4500000000000011      -0.38407318355910619     
   1.4600000000000011      -0.37035232071143565     
   1.4700000000000011      -0.35713310741686211     
   1.4800000000000011      -0.34440075139180404     
   1.4900000000000011      -0.33214026769396809     
   1.5000000000000011      -0.32033659427857347     
   1.5100000000000011      -0.30897468879459139     
   1.5200000000000011      -0.29803960920451728     
   1.5300000000000011      -0.28751658046779510     
   1.5400000000000011      -0.27739104923047753     
   1.5500000000000012      -0.26764872820574132     
   1.5600000000000012      -0.25827563170613932     
   1.5700000000000012      -0.24925810359434059     
   1.5800000000000012      -0.24058283875059788     
   1.5900000000000012      -0.23223689900886096     
   1.6000000000000012      -0.22420772438635958     
   1.6100000000000012      -0.21648314032106461     
   1.6200000000000012      -0.20905136153547835     
   1.6300000000000012      -0.20190099306180051     
   1.6400000000000012      -0.19502102889102083     
   1.6500000000000012      -0.18840084864545503     
   1.6600000000000013      -0.18203021261944316     
   1.6700000000000013      -0.17589925548528951     
   1.6800000000000013      -0.16999847892010347     
   1.6900000000000013      -0.16431874337320404     
   1.7000000000000013      -0.15885125916246448     
   1.7100000000000013      -0.15358757706079024     
   1.7200000000000013      -0.14851957851032088     
   1.7300000000000013      -0.14363946558144849     
   1.7400000000000013      -0.13893975077596943     
   1.7500000000000013      -0.13441324675826236     
   1.7600000000000013      -0.13005305608502801     
   1.7700000000000014      -0.12585256099256270     
   1.7800000000000014      -0.12180541329053331     
   1.7900000000000014      -0.11790552440257915     
   1.8000000000000014      -0.11414705558661940     
   1.8100000000000014      -0.11052440836131715     
   1.8200000000000014      -0.10703221515963886     
   1.8300000000000014      -0.10366533022570680     
   1.8400000000000014      -0.10041882076709220     
   1.8500000000000014      -9.72879583712340651E-002
   1.8600000000000014      -9.42682106917274443E-002
   1.8700000000000014      -9.13552334077241263E-002
   1.8800000000000014      -8.85448624575874699E-002
   1.8900000000000015      -8.58331065461688386E-002
   1.9000000000000015      -8.32161399235992055E-002
   1.9100000000000015      -8.06902954322656907E-002
   1.9200000000000015      -7.82520578176377907E-002
   1.9300000000000015      -7.58980572977912132E-002
   1.9400000000000015      -7.36250633858288595E-002
   1.9500000000000015      -7.14299789588810075E-002
   1.9600000000000015      -6.93098345669777016E-002
   1.9700000000000015      -6.72617829747960694E-002
   1.9800000000000015      -6.52830939290829776E-002
   1.9900000000000015      -6.33711491444285124E-002
   2.0000000000000013      -6.15234374999997571E-002
   2.0100000000000011      -5.97375504398359042E-002
   2.0200000000000009      -5.80111775693397599E-002
   2.0300000000000007      -5.63421024406721357E-002
   2.0400000000000005      -5.47281985198579540E-002
   2.0500000000000003      -5.31674253285419202E-002
   2.0600000000000001      -5.16578247534774521E-002
   2.0699999999999998      -5.01975175169990726E-002
   2.0799999999999996      -4.87846998019036207E-002
   2.0899999999999994      -4.74176400243524823E-002
   2.0999999999999992      -4.60946757486003153E-002
   2.1099999999999990      -4.48142107375534768E-002
   2.1199999999999988      -4.35747121333617815E-002
   2.1299999999999986      -4.23747077624485671E-002
   2.1399999999999983      -4.12127835595862135E-002
   2.1499999999999981      -4.00875811058230488E-002
   2.1599999999999979      -3.89977952752665405E-002
   2.1699999999999977      -3.79421719859206197E-002
   2.1799999999999975      -3.69195060499671809E-002
   2.1899999999999973      -3.59286391190675528E-002
   2.1999999999999971      -3.49684577204410832E-002
   2.2099999999999969      -3.40378913796562724E-002
   2.2199999999999966      -3.31359108262395050E-002
   2.2299999999999964      -3.22615262783750856E-002
   2.2399999999999962      -3.14137858031283898E-002
   2.2499999999999960      -3.05917737487818933E-002
   2.2599999999999958      -2.97946092460212517E-002
   2.2699999999999956      -2.90214447748546531E-002
   2.2799999999999954      -2.82714647942859422E-002
   2.2899999999999952      -2.75438844318965440E-002
   2.2999999999999949      -2.68379482306184483E-002
   2.3099999999999947      -2.61529289501036370E-002
   2.3199999999999945      -2.54881264202133848E-002
   2.3299999999999943      -2.48428664442633916E-002
   2.3399999999999941      -2.42164997497687148E-002
   2.3499999999999939      -2.36084009845363742E-002
   2.3599999999999937      -2.30179677560517978E-002
   2.3699999999999934      -2.24446197122003636E-002
   2.3799999999999932      -2.18877976614554291E-002
   2.3899999999999930      -2.13469627307505475E-002
   2.3999999999999928      -2.08215955593362700E-002
   2.4099999999999926      -2.03111955270004196E-002
   2.4199999999999924      -1.98152800151059037E-002
   2.4299999999999922      -1.93333836989721154E-002
   2.4399999999999920      -1.88650578701937827E-002
   2.4499999999999917      -1.84098697875570809E-002
   2.4599999999999915      -1.79674020552742855E-002
   2.4699999999999913      -1.75372520273184042E-002
   2.4799999999999911      -1.71190312366947366E-002
   2.4899999999999909      -1.67123648485412585E-002
   2.4999999999999907      -1.63168911360003534E-002
   2.5099999999999905      -1.59322609778537079E-002
   2.5199999999999902      -1.55581373769585075E-002
   2.5299999999999900      -1.51941949985682796E-002
   2.5399999999999898      -1.48401197276629305E-002
   2.5499999999999896      -1.44956082444538878E-002
   2.5599999999999894      -1.41603676172682071E-002
   2.5699999999999892      -1.38341149120521489E-002
   2.5799999999999890      -1.35165768177697328E-002
   2.5899999999999888      -1.32074892870049521E-002
   2.5999999999999885      -1.29065971911079824E-002
   2.6099999999999883      -1.26136539892559504E-002
   2.6199999999999881      -1.23284214108274112E-002
   2.6299999999999879      -1.20506691505172462E-002
   2.6399999999999877      -1.17801745756446110E-002
   2.6499999999999875      -1.15167224451315376E-002
   2.6599999999999873      -1.12601046396533511E-002
   2.6699999999999871      -1.10101199024847489E-002
   2.6799999999999868      -1.07665735905867546E-002
   2.6899999999999866      -1.05292774355002627E-002
   2.6999999999999864      -1.02980493136315982E-002
   2.7099999999999862      -1.00727130255337961E-002
   2.7199999999999860      -9.85309808380527632E-003
   2.7299999999999858      -9.63903950924438653E-003
   2.7399999999999856      -9.43037763491450659E-003
   2.7499999999999853      -9.22695791778945125E-003
   2.7599999999999851      -9.02863075766409048E-003
   2.7699999999999849      -8.83525132302842402E-003
   2.7799999999999847      -8.64667938361718923E-003
   2.7899999999999845      -8.46277914935944682E-003
   2.7999999999999843      -8.28341911546484622E-003
   2.8099999999999841      -8.10847191339473389E-003
   2.8199999999999839      -7.93781416747733719E-003
   2.8299999999999836      -7.77132635693673652E-003
   2.8399999999999834      -7.60889268311524050E-003
   2.8499999999999832      -7.45040094167873698E-003
   2.8599999999999830      -7.29574239960301390E-003
   2.8699999999999828      -7.14481167674855741E-003
   2.8799999999999826      -6.99750663183901136E-003
   2.8899999999999824      -6.85372825266670430E-003
   2.8999999999999821      -6.71338055035619087E-003
   2.9099999999999819      -6.57637045752395254E-003
   2.9199999999999817      -6.44260773017928546E-003
   2.9299999999999815      -6.31200485321795849E-003
   2.9399999999999813      -6.18447694936672017E-003
   2.9499999999999811      -6.05994169144239130E-003
   2.9599999999999809      -5.93831921779539636E-003
   2.9699999999999807      -5.81953205081275383E-003
   2.9799999999999804      -5.70350501836100737E-003
   2.9899999999999802      -5.59016517805448112E-003
   2.9999999999999800      -5.47944174423899404E-003
   3.0099999999999798      -5.37126601758588455E-003
   3.0199999999999796      -5.26557131719535172E-003
   3.0299999999999794      -5.16229291511253151E-003
   3.0399999999999792      -5.06136797316351049E-003
   3.0499999999999790      -4.96273548202245604E-003
   3.0599999999999787      -4.86633620242457252E-003
   3.0699999999999785      -4.77211260844316761E-003
   3.0799999999999783      -4.68000883275244191E-003
   3.0899999999999781      -4.58997061380071996E-003
   3.0999999999999779      -4.50194524482204050E-003
   3.1099999999999777      -4.41588152461684560E-003
   3.1199999999999775      -4.33172971003532685E-003
   3.1299999999999772      -4.24944147009965242E-003
   3.1399999999999770      -4.16896984170393118E-003
   3.1499999999999768      -4.09026918683314152E-003
   3.1599999999999766      -4.01329515124461671E-003
   3.1699999999999764      -3.93800462455795152E-003
   3.1799999999999762      -3.86435570170137787E-003
   3.1899999999999760      -3.79230764566458383E-003
   3.1999999999999758      -3.72182085151013132E-003
   3.2099999999999755      -3.65285681159729144E-003
   3.2199999999999753      -3.58537808197415941E-003
   3.2299999999999751      -3.51934824989542233E-003
   3.2399999999999749      -3.45473190242498104E-003
   3.2499999999999747      -3.39149459608418732E-003
   3.2599999999999745      -3.32960282750786787E-003
   3.2699999999999743      -3.26902400507198595E-003
   3.2799999999999740      -3.20972642145795663E-003
   3.2899999999999738      -3.15167922712017651E-003
   3.2999999999999736      -3.09485240462450484E-003
   3.3099999999999734      -3.03921674382669335E-003
   3.3199999999999732      -2.98474381786094888E-003
   3.3299999999999730      -2.93140595991001366E-003
   3.3399999999999728      -2.87917624072909226E-003
   3.3499999999999726      -2.82802844689719135E-003
   3.3599999999999723      -2.77793705977024460E-003
   3.3699999999999721      -2.72887723511156801E-003
   3.3799999999999719      -2.68082478337588461E-003
   3.3899999999999717      -2.63375615062429007E-003
   3.3999999999999715      -2.58764840004816745E-003
   3.4099999999999713      -2.54247919408100804E-003
   3.4199999999999711      -2.49822677707785224E-003
   3.4299999999999708      -2.45486995854279043E-003
   3.4399999999999706      -2.41238809688572049E-003
   3.4499999999999704      -2.37076108369022520E-003
   3.4599999999999702      -2.32996932847512458E-003
   3.4699999999999700      -2.28999374393292323E-003
   3.4799999999999698      -2.25081573162887400E-003
   3.4899999999999696      -2.21241716814516570E-003
   3.4999999999999694      -2.17478039165510534E-003
   3.5099999999999691      -2.13788818891286463E-003
   3.5199999999999689      -2.10172378264481463E-003
   3.5299999999999687      -2.06627081932897949E-003
   3.5399999999999685      -2.03151335734967327E-003
   3.5499999999999683      -1.99743585551476503E-003
   3.5599999999999681      -1.96402316192357531E-003
   3.5699999999999679      -1.93126050317373745E-003
   3.5799999999999677      -1.89913347389584369E-003
   3.5899999999999674      -1.86762802660504117E-003
   3.5999999999999672      -1.83673046185919863E-003
   3.6099999999999670      -1.80642741871352955E-003
   3.6199999999999668      -1.77670586546202123E-003
   3.6299999999999666      -1.74755309065629714E-003
   3.6399999999999664      -1.71895669439286504E-003
   3.6499999999999662      -1.69090457986008770E-003
   3.6599999999999659      -1.66338494513640052E-003
   3.6699999999999657      -1.63638627523173463E-003
   3.6799999999999655      -1.60989733436426013E-003
   3.6899999999999653      -1.58390715846491682E-003
   3.6999999999999651      -1.55840504790243735E-003
   3.7099999999999649      -1.53338056042179142E-003
   3.7199999999999647      -1.50882350428929528E-003
   3.7299999999999645      -1.48472393163775400E-003
   3.7399999999999642      -1.46107213200535727E-003
   3.7499999999999640      -1.43785862606215912E-003
   3.7599999999999638      -1.41507415951824269E-003
   3.7699999999999636      -1.39270969720784593E-003
   3.7799999999999634      -1.37075641734392298E-003
   3.7899999999999632      -1.34920570593783252E-003
   3.7999999999999630      -1.32804915137894387E-003
   3.8099999999999627      -1.30727853916924250E-003
   3.8199999999999625      -1.28688584680806939E-003
   3.8299999999999623      -1.26686323882237140E-003
   3.8399999999999621      -1.24720306193794924E-003
   3.8499999999999619      -1.22789784038736987E-003
   3.8599999999999617      -1.20894027135032040E-003
   3.8699999999999615      -1.19032322052236130E-003
   3.8799999999999613      -1.17203971780813557E-003
   3.8899999999999610      -1.15408295313524116E-003
   3.8999999999999608      -1.13644627238508578E-003
   3.9099999999999606      -1.11912317343718375E-003
   3.9199999999999604      -1.10210730232344250E-003
   3.9299999999999602      -1.08539244948912248E-003
   3.9399999999999600      -1.06897254615725729E-003
   3.9499999999999598      -1.05284166079340795E-003
   3.9599999999999596      -1.03699399566776563E-003
   3.9699999999999593      -1.02142388351166144E-003
   3.9799999999999591      -1.00612578426568827E-003
   3.9899999999999589      -9.91094281916683447E-004
   3.9999999999999587      -9.76324081420959587E-004
   4.0099999999999589      -9.61810005711200727E-004
   4.0199999999999587      -9.47546992784570764E-004
   4.0299999999999585      -9.33530092869618152E-004
   4.0399999999999583      -9.19754465669680716E-004
   4.0499999999999581      -9.06215377680529683E-004
   4.0599999999999579      -8.92908199580082587E-004
   4.0699999999999577      -8.79828403688083104E-004
   4.0799999999999574      -8.66971561493703655E-004
   4.0899999999999572      -8.54333341249102957E-004
   4.0999999999999570      -8.41909505627012758E-004
   4.1099999999999568      -8.29695909440521890E-004
   4.1199999999999566      -8.17688497423236832E-004
   4.1299999999999564      -8.05883302068103897E-004
   4.1399999999999562      -7.94276441523189113E-004
   4.1499999999999559      -7.82864117542793618E-004
   4.1599999999999557      -7.71642613492323033E-004
   4.1699999999999555      -7.60608292405366053E-004
   4.1799999999999553      -7.49757595091510884E-004
   4.1899999999999551      -7.39087038293448849E-004
   4.1999999999999549      -7.28593212891971449E-004
   4.2099999999999547      -7.18272782157508625E-004
   4.2199999999999545      -7.08122480046896922E-004
   4.2299999999999542      -6.98139109544098366E-004
   4.2399999999999540      -6.88319541043645386E-004
   4.2499999999999538      -6.78660710775610011E-004
   4.2599999999999536      -6.69159619270938031E-004
   4.2699999999999534      -6.59813329866022823E-004
   4.2799999999999532      -6.50618967245429310E-004
   4.2899999999999530      -6.41573716021708170E-004
   4.2999999999999527      -6.32674819351272872E-004
   4.3099999999999525      -6.23919577585343500E-004
   4.3199999999999523      -6.15305346954994809E-004
   4.3299999999999521      -6.06829538289362547E-004
   4.3399999999999519      -5.98489615766110527E-004
   4.3499999999999517      -5.90283095693260322E-004
   4.3599999999999515      -5.82207545321543189E-004
   4.3699999999999513      -5.74260581686426288E-004
   4.3799999999999510      -5.66439870479023460E-004
   4.3899999999999508      -5.58743124945091925E-004
   4.3999999999999506      -5.51168104811362706E-004
   4.4099999999999504      -5.43712615238464898E-004
   4.4199999999999502      -5.36374505799729951E-004
   4.4299999999999500      -5.29151669485172218E-004
   4.4399999999999498      -5.22042041729980921E-004
   4.4499999999999496      -5.15043599466858716E-004
   4.4599999999999493      -5.08154360201574541E-004
   4.4699999999999491      -5.01372381111112541E-004
   4.4799999999999489      -4.94695758163810452E-004
   4.4899999999999487      -4.88122625260913371E-004
   4.4999999999999485      -4.81651153398967127E-004
   4.5099999999999483      -4.75279549852506409E-004
   4.5199999999999481      -4.69006057376499549E-004
   4.5299999999999478      -4.62828953428031926E-004
   4.5399999999999476      -4.56746549406723248E-004
   4.5499999999999474      -4.50757189913386376E-004
   4.5599999999999472      -4.44859252026453666E-004
   4.5699999999999470      -4.39051144595704261E-004
   4.5799999999999468      -4.33331307552845945E-004
   4.5899999999999466      -4.27698211238509984E-004
   4.5999999999999464      -4.22150355745237456E-004
   4.6099999999999461      -4.16686270276040360E-004
   4.6199999999999459      -4.11304512518139939E-004
   4.6299999999999457      -4.06003668031485214E-004
   4.6399999999999455      -4.00782349651679327E-004
   4.6499999999999453      -3.95639196906937354E-004
   4.6599999999999451      -3.90572875448724581E-004
   4.6699999999999449      -3.85582076495716481E-004
   4.6799999999999446      -3.80665516290750524E-004
   4.6899999999999444      -3.75821935570433603E-004
   4.6999999999999442      -3.71050099047085034E-004
   4.7099999999999440      -3.66348794902704271E-004
   4.7199999999999438      -3.61716834294660257E-004
   4.7299999999999436      -3.57153050872804911E-004
   4.7399999999999434      -3.52656300307721906E-004
   4.7499999999999432      -3.48225459829838290E-004
   4.7599999999999429      -3.43859427779118459E-004
   4.7699999999999427      -3.39557123165080174E-004
   4.7799999999999425      -3.35317485236876357E-004
   4.7899999999999423      -3.31139473063188491E-004
   4.7999999999999421      -3.27022065121690647E-004
   4.8099999999999419      -3.22964258897846270E-004
   4.8199999999999417      -3.18965070492805379E-004
   4.8299999999999415      -3.15023534240179977E-004
   4.8399999999999412      -3.11138702331476588E-004
   4.8499999999999410      -3.07309644449975448E-004
   4.8599999999999408      -3.03535447412845610E-004
   4.8699999999999406      -2.99815214821298704E-004
   4.8799999999999404      -2.96148066718580081E-004
   4.8899999999999402      -2.92533139255612452E-004
   4.8999999999999400      -2.88969584364096531E-004
   4.9099999999999397      -2.85456569436898472E-004
   4.9199999999999395      -2.81993277015538514E-004
   4.9299999999999393      -2.78578904484613537E-004
   4.9399999999999391      -2.75212663772985409E-004
   4.9499999999999389      -2.71893781061570883E-004
   4.9599999999999387      -2.68621496497576046E-004
   4.9699999999999385      -2.65395063915018707E-004
   4.9799999999999383      -2.62213750561390618E-004
   4.9899999999999380      -2.59076836830308835E-004
   4.9999999999999378      -2.55983616000019106E-004
