   1.0000000000000000E-002   4.7999999999976003E+027
   2.0000000000000000E-002   5.8593749998125005E+023
   2.9999999999999999E-002   3.0106822759568827E+021
   4.0000000000000001E-002   7.1525573583984386E+019
   5.0000000000000003E-002   3.9321599692800000E+018
   6.0000000000000005E-002   3.6751491782483802E+017
   7.0000000000000007E-002   49541219354797016.     
   8.0000000000000002E-002   8731147992610932.0     
   8.9999999999999997E-002   1888376117671433.2     
   9.9999999999999992E-002   479999760000000.00     
  0.10999999999999999        139038779115662.12     
  0.11999999999999998        44862594934250.742     
  0.12999999999999998        15848078337188.715     
  0.13999999999999999        6047489716531.5459     
  0.14999999999999999        2466336874723.6309     
  0.16000000000000000        1065805162943.4341     
  0.17000000000000001        484618532348.12903     
  0.18000000000000002        230510803894.96091     
  0.19000000000000003        114139038296.61783     
  0.20000000000000004        58591874999.999893     
  0.21000000000000005        31072184111.878685     
  0.22000000000000006        16971560078.724812     
  0.23000000000000007        9522417580.0065918     
  0.24000000000000007        5475875881.3164473     
  0.25000000000000006        3220832255.9999905     
  0.26000000000000006        1934285732.2373073     
  0.27000000000000007        1184208483.1964073     
  0.28000000000000008        738043867.82205975     
  0.29000000000000009        467668459.53301603     
  0.30000000000000010        300958488.33642739     
  0.31000000000000011        196492716.04606760     
  0.32000000000000012        130034411.50516360     
  0.33000000000000013        87152427.788624913     
  0.34000000000000014        59112555.692538656     
  0.35000000000000014        40546867.041137114     
  0.36000000000000015        28108378.157277927     
  0.37000000000000016        19681641.931763645     
  0.38000000000000017        13912339.662091739     
  0.39000000000000018        9922853.6842445098     
  0.40000000000000019        7137908.9355468284     
  0.41000000000000020        5176287.6352250753     
  0.42000000000000021        3782743.5155953262     
  0.43000000000000022        2784687.5582535723     
  0.44000000000000022        2064324.1303721641     
  0.45000000000000023        1540535.3377971984     
  0.46000000000000024        1156983.6446735417     
  0.47000000000000025        874222.69550016976     
  0.48000000000000026        664417.64669640595     
  0.49000000000000027        507780.65458105522     
  0.50000000000000022        390143.99999999773     
  0.51000000000000023        301294.39651317522     
  0.52000000000000024        233820.87233137563     
  0.53000000000000025        182311.94951703981     
  0.54000000000000026        142792.22465366323     
  0.55000000000000027        112324.24700333604     
  0.56000000000000028        88725.341556568586     
  0.57000000000000028        70364.910655168700     
  0.58000000000000029        56018.454503214387     
  0.59000000000000030        44761.819609985141     
  0.60000000000000031        35894.153819520652     
  0.61000000000000032        28881.467437057752     
  0.62000000000000033        23315.070197729729     
  0.63000000000000034        18880.806521796974     
  0.64000000000000035        15336.170939954260     
  0.65000000000000036        12493.203783214969     
  0.66000000000000036        10205.647944199409     
  0.67000000000000037        8359.2619501139579     
  0.68000000000000038        6864.4819391196370     
  0.69000000000000039        5650.8395855240960     
  0.70000000000000040        4662.6984639669454     
  0.71000000000000041        3855.9845647537163     
  0.72000000000000042        3195.6695304793925     
  0.73000000000000043        2653.8260993495765     
  0.74000000000000044        2208.1202235718938     
  0.75000000000000044        1840.6376926130897     
  0.76000000000000045        1536.9679374560556     
  0.77000000000000046        1285.4862721995260     
  0.78000000000000047        1076.7897788921348     
  0.79000000000000048        903.25255491733526     
  0.80000000000000049        758.67399573325588     
  0.81000000000000050        637.99982466078109     
  0.82000000000000051        537.10018292863958     
  0.83000000000000052        452.59261161515127     
  0.84000000000000052        381.70045649965431     
  0.85000000000000053        322.13930464474913     
  0.86000000000000054        272.02566603459786     
  0.87000000000000055        229.80335648966962     
  0.88000000000000056        194.18400380290456     
  0.89000000000000057        164.09885164365517     
  0.90000000000000058        138.65962399427559     
  0.91000000000000059        117.12667393043790     
  0.92000000000000060        98.883002927110525     
  0.93000000000000060        83.413022458295416     
  0.94000000000000061        70.285155326241807     
  0.95000000000000062        59.137552937522194     
  0.96000000000000063        49.666346738495612     
  0.97000000000000064        41.615965079225958     
  0.98000000000000065        34.771137008105484     
  0.99000000000000066        28.950276686881836     
   1.0000000000000007        23.999999999999702     
   1.0100000000000007        19.790571452105084     
   1.0200000000000007        16.212116917108474     
   1.0300000000000007        13.171468047431848     
   1.0400000000000007        10.589528617614885     
   1.0500000000000007        8.3990729078510924     
   1.0600000000000007        6.5429023407015805     
   1.0700000000000007        4.9722996934195063     
   1.0800000000000007        3.6457308979749765     
   1.0900000000000007        2.5277531741978514     
   1.1000000000000008        1.5880953898239998     
   1.1100000000000008       0.80088240299783919     
   1.1200000000000008       0.14397995814547393     
   1.1300000000000008      -0.40155933115883080     
   1.1400000000000008      -0.85196511205705328     
   1.1500000000000008       -1.2211470373194953     
   1.1600000000000008       -1.5210323965753094     
   1.1700000000000008       -1.7618530568253634     
   1.1800000000000008       -1.9523896015376039     
   1.1900000000000008       -2.1001792830595178     
   1.2000000000000008       -2.2116933422230876     
   1.2100000000000009       -2.2924883647103957     
   1.2200000000000009       -2.3473356055277410     
   1.2300000000000009       -2.3803315957818203     
   1.2400000000000009       -2.3949928292809157     
   1.2500000000000009       -2.3943368933375986     
   1.2600000000000009       -2.3809520445326289     
   1.2700000000000009       -2.3570569245453217     
   1.2800000000000009       -2.3245518538894387     
   1.2900000000000009       -2.2850629245784777     
   1.3000000000000009       -2.2399799297911391     
   1.3100000000000009       -2.1904890140387172     
   1.3200000000000010       -2.1376007965904398     
   1.3300000000000010       -2.0821746101884147     
   1.3400000000000010       -2.0249394032065773     
   1.3500000000000010       -1.9665117737245663     
   1.3600000000000010       -1.9074115362769719     
   1.3700000000000010       -1.8480751644393023     
   1.3800000000000010       -1.7888674033626151     
   1.3900000000000010       -1.7300913045563842     
   1.4000000000000010       -1.6719968995399652     
   1.4100000000000010       -1.6147886985070252     
   1.4200000000000010       -1.5586321740904481     
   1.4300000000000010       -1.5036593680155768     
   1.4400000000000011       -1.4499737393277354     
   1.4500000000000011       -1.3976543565023745     
   1.4600000000000011       -1.3467595216920456     
   1.4700000000000011       -1.2973299032935830     
   1.4800000000000011       -1.2493912426428695     
   1.4900000000000011       -1.2029566917180103     
   1.5000000000000011       -1.1580288310461508     
   1.5100000000000011       -1.1146014103867488     
   1.5200000000000011       -1.0726608490536895     
   1.5300000000000011       -1.0321875278107582     
   1.5400000000000011      -0.99315690001963586     
   1.5500000000000012      -0.95554044604233090     
   1.5600000000000012      -0.91930649172013568     
   1.5700000000000012      -0.88442090899986425     
   1.5800000000000012      -0.85084771439594853     
   1.5900000000000012      -0.81854957891328406     
   1.6000000000000012      -0.78748826126684091     
   1.6100000000000012      -0.75762497468262513     
   1.6200000000000012      -0.72892069621832656     
   1.6300000000000012      -0.70133642637318860     
   1.6400000000000012      -0.67483340574149420     
   1.6500000000000012      -0.64937329458190263     
   1.6600000000000013      -0.62491832040800177     
   1.6700000000000013      -0.60143139803855294     
   1.6800000000000013      -0.57887622596569266     
   1.6900000000000013      -0.55721736239447028     
   1.7000000000000013      -0.53642028386757767     
   1.7100000000000013      -0.51645142900640728     
   1.7200000000000013      -0.49727822956630024     
   1.7300000000000013      -0.47886913071348036     
   1.7400000000000013      -0.46119360217825756     
   1.7500000000000013      -0.44422214171866720     
   1.7600000000000013      -0.42792627213668205     
   1.7700000000000014      -0.41227853292180133     
   1.7800000000000014      -0.39725246745100212     
   1.7900000000000014      -0.38282260654698785     
   1.8000000000000014      -0.36896444908602238     
   1.8100000000000014      -0.35565444025021109     
   1.8200000000000014      -0.34286994793518427     
   1.8300000000000014      -0.33058923775105231     
   1.8400000000000014      -0.31879144699094669     
   1.8500000000000014      -0.30745655788616383     
   1.8600000000000014      -0.29656537041888409     
   1.8700000000000014      -0.28609947492169030     
   1.8800000000000014      -0.27604122465690184     
   1.8900000000000015      -0.26637370853731807     
   1.9000000000000015      -0.25708072412277083     
   1.9100000000000015      -0.24814675100335198     
   1.9200000000000015      -0.23955692465984535     
   1.9300000000000015      -0.23129701087435911     
   1.9400000000000015      -0.22335338074906466     
   1.9500000000000015      -0.21571298637796701     
   1.9600000000000015      -0.20836333720552180     
   1.9700000000000015      -0.20129247709641088     
   1.9800000000000015      -0.19448896213269104     
   1.9900000000000015      -0.18794183914766374     
   2.0000000000000013      -0.18164062499999917     
   2.0100000000000011      -0.17557528658677130     
   2.0200000000000009      -0.16973622158997542     
   2.0300000000000007      -0.16411423994771646     
   2.0400000000000005      -0.15870054603846756     
   2.0500000000000003      -0.15348672156454346     
   2.0600000000000001      -0.14846470911910631     
   2.0699999999999998      -0.14362679641960466     
   2.0799999999999996      -0.13896560118944162     
   2.0899999999999994      -0.13447405666885984     
   2.0999999999999992      -0.13014539773546088     
   2.1099999999999990      -0.12597314761441586     
   2.1199999999999988      -0.12195110515823671     
   2.1299999999999986      -0.11807333267593895     
   2.1399999999999983      -0.11433414429151464     
   2.1499999999999981      -0.11072809481182158     
   2.1599999999999979      -0.10724996908427456     
   2.1699999999999977      -0.10389477182506382     
   2.1799999999999975      -0.10065771789903619     
   2.1899999999999973       -9.7534223032817557E-002
   2.1999999999999971       -9.4519894943238703E-002
   2.2099999999999969       -9.1610524863640783E-002
   2.2199999999999966       -8.8802079451160185E-002
   2.2299999999999964       -8.6090693058642323E-002
   2.2399999999999962       -8.3472660355376677E-002
   2.2499999999999960       -8.0944429281407312E-002
   2.2599999999999958       -7.8502594320719377E-002
   2.2699999999999956       -7.6143890079157270E-002
   2.2799999999999954       -7.3865185153469862E-002
   2.2899999999999952       -7.1663476278415864E-002
   2.2999999999999949       -6.9535882739385213E-002
   2.3099999999999947       -6.7479641038505830E-002
   2.3199999999999945       -6.5492099802705983E-002
   2.3299999999999943       -6.3570714922688260E-002
   2.3399999999999941       -6.1713044912242693E-002
   2.3499999999999939       -5.9916746477785110E-002
   2.3599999999999937       -5.8179570288447738E-002
   2.3699999999999934       -5.6499356937476430E-002
   2.3799999999999932       -5.4874033086100490E-002
   2.3899999999999930       -5.3301607781436652E-002
   2.3999999999999928       -5.1780168940370568E-002
   2.4099999999999926       -5.0307879991724834E-002
   2.4199999999999924       -4.8882976669374037E-002
   2.4299999999999922       -4.7503763949304854E-002
   2.4399999999999920       -4.6168613123941264E-002
   2.4499999999999917       -4.4875959007365476E-002
   2.4599999999999915       -4.3624297265360205E-002
   2.4699999999999913       -4.2412181864482465E-002
   2.4799999999999911       -4.1238222634647527E-002
   2.4899999999999909       -4.0101082939963437E-002
   2.4999999999999907       -3.8999477452800982E-002
   2.5099999999999905       -3.7932170026321592E-002
   2.5199999999999902       -3.6897971660909301E-002
   2.5299999999999900       -3.5895738560170351E-002
   2.5399999999999898       -3.4924370272365515E-002
   2.5499999999999896       -3.3982807913338610E-002
   2.5599999999999894       -3.3070032467189335E-002
   2.5699999999999892       -3.2185063161116696E-002
   2.5799999999999890       -3.1326955911028187E-002
   2.5899999999999888       -3.0494801834671566E-002
   2.5999999999999885       -2.9687725829199155E-002
   2.6099999999999883       -2.8904885210221224E-002
   2.6199999999999881       -2.8145468409543996E-002
   2.6299999999999879       -2.7408693728920849E-002
   2.6399999999999877       -2.6693808147271073E-002
   2.6499999999999875       -2.6000086178941440E-002
   2.6599999999999873       -2.5326828780699643E-002
   2.6699999999999871       -2.4673362305258257E-002
   2.6799999999999868       -2.4039037499231010E-002
   2.6899999999999866       -2.3423228543522266E-002
   2.6999999999999864       -2.2825332134244772E-002
   2.7099999999999862       -2.2244766602349472E-002
   2.7199999999999860       -2.1680971070237136E-002
   2.7299999999999858       -2.1133404643701930E-002
   2.7399999999999856       -2.0601545637634878E-002
   2.7499999999999853       -2.0084890833987418E-002
   2.7599999999999851       -1.9582954770566867E-002
   2.7699999999999849       -1.9095269059300167E-002
   2.7799999999999847       -1.8621381732667159E-002
   2.7899999999999845       -1.8160856617063958E-002
   2.7999999999999843       -1.7713272731914784E-002
   2.8099999999999841       -1.7278223713405028E-002
   2.8199999999999839       -1.6855317261760445E-002
   2.8299999999999836       -1.6444174611046705E-002
   2.8399999999999834       -1.6044430020510668E-002
   2.8499999999999832       -1.5655730286530098E-002
   2.8599999999999830       -1.5277734274280084E-002
   2.8699999999999828       -1.4910112468266607E-002
   2.8799999999999826       -1.4552546540915355E-002
   2.8899999999999824       -1.4204728938441000E-002
   2.8999999999999821       -1.3866362483257724E-002
   2.9099999999999819       -1.3537159992224839E-002
   2.9199999999999817       -1.3216843910053316E-002
   2.9299999999999815       -1.2905145957229405E-002
   2.9399999999999813       -1.2601806791840874E-002
   2.9499999999999811       -1.2306575684718156E-002
   2.9599999999999809       -1.2019210207329925E-002
   2.9699999999999807       -1.1739475931896892E-002
   2.9799999999999804       -1.1467146143211995E-002
   2.9899999999999802       -1.1202001561677695E-002
   2.9999999999999800       -1.0943830077092789E-002
   3.0099999999999798       -1.0692426492741955E-002
   3.0199999999999796       -1.0447592279360761E-002
   3.0299999999999794       -1.0209135338567998E-002
   3.0399999999999792       -9.9768697753747047E-003
   3.0499999999999790       -9.7506156793968450E-003
   3.0599999999999787       -9.5301989144144159E-003
   3.0699999999999785       -9.3154509159357225E-003
   3.0799999999999783       -9.1062084964403170E-003
   3.0899999999999781       -8.9023136579879699E-003
   3.0999999999999779       -8.7036134118950361E-003
   3.1099999999999777       -8.5099596051921873E-003
   3.1199999999999775       -8.3212087535897688E-003
   3.1299999999999772       -8.1372218806889437E-003
   3.1399999999999770       -7.9578643631879695E-003
   3.1499999999999768       -7.7830057818436193E-003
   3.1599999999999766       -7.6125197779579983E-003
   3.1699999999999764       -7.4462839151707592E-003
   3.1799999999999762       -7.2841795463462400E-003
   3.1899999999999760       -7.1260916853535458E-003
   3.1999999999999758       -6.9719088835466358E-003
   3.2099999999999755       -6.8215231107590724E-003
   3.2199999999999753       -6.6748296406363905E-003
   3.2299999999999751       -6.5317269401359880E-003
   3.2399999999999749       -6.3921165630318197E-003
   3.2499999999999747       -6.2559030472680256E-003
   3.2599999999999745       -6.1229938160116916E-003
   3.2699999999999743       -5.9932990822617336E-003
   3.2799999999999740       -5.8667317568762258E-003
   3.2899999999999738       -5.7432073598866762E-003
   3.2999999999999736       -5.6226439349727625E-003
   3.3099999999999734       -5.5049619669765093E-003
   3.3199999999999732       -5.3900843023396237E-003
   3.3299999999999730       -5.2779360723527145E-003
   3.3399999999999728       -5.1684446191092945E-003
   3.3499999999999726       -5.0615394240622310E-003
   3.3599999999999723       -4.9571520390839958E-003
   3.3699999999999721       -4.8552160199365748E-003
   3.3799999999999719       -4.7556668620600930E-003
   3.3899999999999717       -4.6584419385934809E-003
   3.3999999999999715       -4.5634804405434558E-003
   3.4099999999999713       -4.4707233190217728E-003
   3.4199999999999711       -4.3801132294737713E-003
   3.4299999999999708       -4.2915944778243046E-003
   3.4399999999999706       -4.2051129684700954E-003
   3.4499999999999704       -4.1206161540503321E-003
   3.4599999999999702       -4.0380529869300640E-003
   3.4699999999999700       -3.9573738723335432E-003
   3.4799999999999698       -3.8785306230669412E-003
   3.4899999999999696       -3.8014764157726206E-003
   3.4999999999999694       -3.7261657486589309E-003
   3.5099999999999691       -3.6525544006520815E-003
   3.5199999999999689       -3.5805993919185157E-003
   3.5299999999999687       -3.5102589457082058E-003
   3.5399999999999685       -3.4414924514713416E-003
   3.5499999999999683       -3.3742604292025403E-003
   3.5599999999999681       -3.3085244949686318E-003
   3.5699999999999679       -3.2442473275776473E-003
   3.5799999999999677       -3.1813926363483320E-003
   3.5899999999999674       -3.1199251299409703E-003
   3.5999999999999672       -3.0598104862119679E-003
   3.6099999999999670       -3.0010153230558261E-003
   3.6199999999999668       -2.9435071701997368E-003
   3.6299999999999666       -2.8872544419172529E-003
   3.6399999999999664       -2.8322264106286784E-003
   3.6499999999999662       -2.7783931813572501E-003
   3.6599999999999659       -2.7257256670110475E-003
   3.6699999999999657       -2.6741955644619983E-003
   3.6799999999999655       -2.6237753313941769E-003
   3.6899999999999653       -2.5744381638947607E-003
   3.6999999999999651       -2.5261579747619741E-003
   3.7099999999999649       -2.4789093725052225E-003
   3.7199999999999647       -2.4326676410137108E-003
   3.7299999999999645       -2.3874087198704590E-003
   3.7399999999999642       -2.3431091852897578E-003
   3.7499999999999640       -2.2997462316566861E-003
   3.7599999999999638       -2.2572976536482212E-003
   3.7699999999999636       -2.2157418289161708E-003
   3.7799999999999634       -2.1750577013128752E-003
   3.7899999999999632       -2.1352247646413839E-003
   3.7999999999999630       -2.0962230469123216E-003
   3.8099999999999627       -2.0580330950905230E-003
   3.8199999999999625       -2.0206359603148921E-003
   3.8299999999999623       -1.9840131835757256E-003
   3.8399999999999621       -1.9481467818341842E-003
   3.8499999999999619       -1.9130192345692141E-003
   3.8599999999999617       -1.8786134707376931E-003
   3.8699999999999615       -1.8449128561341280E-003
   3.8799999999999613       -1.8119011811366910E-003
   3.8899999999999610       -1.7795626488268490E-003
   3.8999999999999608       -1.7478818634702965E-003
   3.9099999999999606       -1.7168438193473517E-003
   3.9199999999999604       -1.6864338899213612E-003
   3.9299999999999602       -1.6566378173340736E-003
   3.9399999999999600       -1.6274417022173534E-003
   3.9499999999999598       -1.5988319938109198E-003
   3.9599999999999596       -1.5707954803762412E-003
   3.9699999999999593       -1.5433192798969522E-003
   3.9799999999999591       -1.5163908310565947E-003
   3.9899999999999589       -1.4899978844847234E-003
   3.9999999999999587       -1.4641284942628024E-003
   4.0099999999999589       -1.4387710096815248E-003
   4.0199999999999587       -1.4139140672415659E-003
   4.0299999999999585       -1.3895465828899708E-003
   4.0399999999999583       -1.3656577444847195E-003
   4.0499999999999581       -1.3422370044802105E-003
   4.0599999999999579       -1.3192740728266775E-003
   4.0699999999999577       -1.2967589100767859E-003
   4.0799999999999574       -1.2746817206928810E-003
   4.0899999999999572       -1.2530329465485909E-003
   4.0999999999999570       -1.2318032606186725E-003
   4.1099999999999568       -1.2109835608512484E-003
   4.1199999999999566       -1.1905649642166979E-003
   4.1299999999999564       -1.1705388009277513E-003
   4.1399999999999562       -1.1508966088254293E-003
   4.1499999999999559       -1.1316301279257193E-003
   4.1599999999999557       -1.1127312951220087E-003
   4.1699999999999555       -1.0941922390384634E-003
   4.1799999999999553       -1.0760052750297274E-003
   4.1899999999999551       -1.0581629003224371E-003
   4.1999999999999549       -1.0406577892942098E-003
   4.2099999999999547       -1.0234827888859106E-003
   4.2199999999999545       -1.0066309141431372E-003
   4.2299999999999542       -9.9009534388297795E-004
   4.2399999999999540       -9.7386941648226191E-004
   4.2499999999999538       -9.5794662578361123E-004
   4.2599999999999536       -9.4232061711573706E-004
   4.2699999999999534       -9.2698518342454244E-004
   4.2799999999999532       -9.1193426151169640E-004
   4.2899999999999530       -8.9716192837745797E-004
   4.2999999999999527       -8.8266239766462615E-004
   4.3099999999999525       -8.6843001620059827E-004
   4.3199999999999523       -8.5445926063461579E-004
   4.3299999999999521       -8.4074473416736290E-004
   4.3399999999999519       -8.2728116337018470E-004
   4.3499999999999517       -8.1406339509126294E-004
   4.3599999999999515       -8.0108639344619620E-004
   4.3699999999999513       -7.8834523689048051E-004
   4.3799999999999510       -7.7583511537150055E-004
   4.3899999999999508       -7.6355132755768476E-004
   4.3999999999999506       -7.5148927814257141E-004
   4.4099999999999504       -7.3964447522160048E-004
   4.4199999999999502       -7.2801252773951311E-004
   4.4299999999999500       -7.1658914300629453E-004
   4.4399999999999498       -7.0537012427969144E-004
   4.4499999999999496       -6.9435136841235646E-004
   4.4599999999999493       -6.8352886356176851E-004
   4.4699999999999491       -6.7289868696111474E-004
   4.4799999999999489       -6.6245700274937308E-004
   4.4899999999999487       -6.5220005985891548E-004
   4.4999999999999485       -6.4212418995896413E-004
   4.5099999999999483       -6.3222580545332094E-004
   4.5199999999999481       -6.2250139753081374E-004
   4.5299999999999478       -6.1294753426696376E-004
   4.5399999999999476       -6.0356085877542062E-004
   4.5499999999999474       -5.9433808740775359E-004
   4.5599999999999472       -5.8527600800023386E-004
   4.5699999999999470       -5.7637147816628164E-004
   4.5799999999999468       -5.6762142363329525E-004
   4.5899999999999466       -5.5902283662261206E-004
   4.5999999999999464       -5.5057277427139693E-004
   4.6099999999999461       -5.4226835709528221E-004
   4.6199999999999459       -5.3410676749062814E-004
   4.6299999999999457       -5.2608524827529033E-004
   4.6399999999999455       -5.1820110126683653E-004
   4.6499999999999453       -5.1045168589716262E-004
   4.6599999999999451       -5.0283441786251484E-004
   4.6699999999999449       -4.9534676780792317E-004
   4.6799999999999446       -4.8798626004511536E-004
   4.6899999999999444       -4.8075047130297939E-004
   4.6999999999999442       -4.7363702950968479E-004
   4.7099999999999440       -4.6664361260559807E-004
   4.7199999999999438       -4.5976794738614884E-004
   4.7299999999999436       -4.5300780837383234E-004
   4.7399999999999434       -4.4636101671854874E-004
   4.7499999999999432       -4.3982543912552254E-004
   4.7599999999999429       -4.3339898681004133E-004
   4.7699999999999427       -4.2707961447829693E-004
   4.7799999999999425       -4.2086531933362386E-004
   4.7899999999999423       -4.1475414010744716E-004
   4.7999999999999421       -4.0874415611428003E-004
   4.8099999999999419       -4.0283348633012489E-004
   4.8199999999999417       -3.9702028849364899E-004
   4.8299999999999415       -3.9130275822953141E-004
   4.8399999999999412       -3.8567912819338521E-004
   4.8499999999999410       -3.8014766723768536E-004
   4.8599999999999408       -3.7470667959814061E-004
   4.8699999999999406       -3.6935450409997207E-004
   4.8799999999999404       -3.6408951338356727E-004
   4.8899999999999402       -3.5891011314900535E-004
   4.8999999999999400       -3.5381474141894657E-004
   4.9099999999999397       -3.4880186781941516E-004
   4.9199999999999395       -3.4386999287799614E-004
   4.9299999999999393       -3.3901764733899669E-004
   4.9399999999999391       -3.3424339149512572E-004
   4.9499999999999389       -3.2954581453526307E-004
   4.9599999999999387       -3.2492353390789724E-004
   4.9699999999999385       -3.2037519469982811E-004
   4.9799999999999383       -3.1589946902973597E-004
   4.9899999999999380       -3.1149505545623288E-004
   4.9999999999999378       -3.0716067840002670E-004
   5.0099999999999376       -3.0289508757982601E-004
   5.0199999999999374       -2.9869705746164043E-004
   5.0299999999999372       -2.9456538672113059E-004
   5.0399999999999370       -2.9049889771866919E-004
   5.0499999999999368       -2.8649643598679361E-004
   5.0599999999999365       -2.8255686972973219E-004
   5.0699999999999363       -2.7867908933469670E-004
   5.0799999999999361       -2.7486200689463911E-004
   5.0899999999999359       -2.7110455574218869E-004
   5.0999999999999357       -2.6740568999447970E-004
   5.1099999999999355       -2.6376438410859800E-004
   5.1199999999999353       -2.6017963244737824E-004
   5.1299999999999351       -2.5665044885528956E-004
   5.1399999999999348       -2.5317586624416029E-004
   5.1499999999999346       -2.4975493618848988E-004
   5.1599999999999344       -2.4638672853011262E-004
   5.1699999999999342       -2.4307033099197706E-004
   5.1799999999999340       -2.3980484880081364E-004
   5.1899999999999338       -2.3658940431847163E-004
   5.1999999999999336       -2.3342313668170940E-004
   5.2099999999999334       -2.3030520145022481E-004
   5.2199999999999331       -2.2723477026272821E-004
   5.2299999999999329       -2.2421103050085598E-004
   5.2399999999999327       -2.2123318496072842E-004
   5.2499999999999325       -2.1830045153197153E-004
   5.2599999999999323       -2.1541206288401156E-004
   5.2699999999999321       -2.1256726615947010E-004
   5.2799999999999319       -2.0976532267448186E-004
   5.2899999999999316       -2.0700550762576850E-004
   5.2999999999999314       -2.0428710980430317E-004
   5.3099999999999312       -2.0160943131540575E-004
   5.3199999999999310       -1.9897178730511131E-004
   5.3299999999999308       -1.9637350569266243E-004
   5.3399999999999306       -1.9381392690897406E-004
   5.3499999999999304       -1.9129240364092979E-004
   5.3599999999999302       -1.8880830058136611E-004
   5.3699999999999299       -1.8636099418461102E-004
   5.3799999999999297       -1.8394987242743952E-004
   5.3899999999999295       -1.8157433457532146E-004
   5.3999999999999293       -1.7923379095382928E-004
   5.4099999999999291       -1.7692766272508733E-004
   5.4199999999999289       -1.7465538166914026E-004
   5.4299999999999287       -1.7241638997012292E-004
   5.4399999999999284       -1.7021014000712006E-004
   5.4499999999999282       -1.6803609414960133E-004
   5.4599999999999280       -1.6589372455732797E-004
   5.4699999999999278       -1.6378251298462026E-004
   5.4799999999999276       -1.6170195058888638E-004
   5.4899999999999274       -1.5965153774331246E-004
   5.4999999999999272       -1.5763078385361355E-004
   5.5099999999999270       -1.5563920717875289E-004
   5.5199999999999267       -1.5367633465553532E-004
   5.5299999999999265       -1.5174170172698468E-004
   5.5399999999999263       -1.4983485217441610E-004
   5.5499999999999261       -1.4795533795311928E-004
   5.5599999999999259       -1.4610271903156544E-004
   5.5699999999999257       -1.4427656323406021E-004
   5.5799999999999255       -1.4247644608675962E-004
   5.5899999999999253       -1.4070195066697225E-004
   5.5999999999999250       -1.3895266745567213E-004
   5.6099999999999248       -1.3722819419314901E-004
   5.6199999999999246       -1.3552813573772165E-004
   5.6299999999999244       -1.3385210392744657E-004
   5.6399999999999242       -1.3219971744475118E-004
   5.6499999999999240       -1.3057060168392660E-004
   5.6599999999999238       -1.2896438862141263E-004
   5.6699999999999235       -1.2738071668881335E-004
   5.6799999999999233       -1.2581923064857998E-004
   5.6899999999999231       -1.2427958147230017E-004
   5.6999999999999229       -1.2276142622153589E-004
   5.7099999999999227       -1.2126442793115081E-004
   5.7199999999999225       -1.1978825549507268E-004
   5.7299999999999223       -1.1833258355443258E-004
   5.7399999999999221       -1.1689709238803254E-004
   5.7499999999999218       -1.1548146780508341E-004
   5.7599999999999216       -1.1408540104016713E-004
   5.7699999999999214       -1.1270858865036994E-004
   5.7799999999999212       -1.1135073241453978E-004
   5.7899999999999210       -1.1001153923462081E-004
   5.7999999999999208       -1.0869072103901648E-004
   5.8099999999999206       -1.0738799468793919E-004
   5.8199999999999203       -1.0610308188069946E-004
   5.8299999999999201       -1.0483570906489366E-004
   5.8399999999999199       -1.0358560734744754E-004
   5.8499999999999197       -1.0235251240747395E-004
   5.8599999999999195       -1.0113616441090616E-004
   5.8699999999999193       -9.9936307926865877E-005
   5.8799999999999191       -9.8752691845729705E-005
   5.8899999999999189       -9.7585069298855210E-005
   5.8999999999999186       -9.6433197579931098E-005
   5.9099999999999184       -9.5296838067916121E-005
   5.9199999999999182       -9.4175756151530413E-005
   5.9299999999999180       -9.3069721155268341E-005
   5.9399999999999178       -9.1978506266896358E-005
   5.9499999999999176       -9.0901888466406568E-005
   5.9599999999999174       -8.9839648456392849E-005
   5.9699999999999172       -8.8791570593817825E-005
   5.9799999999999169       -8.7757442823143978E-005
   5.9899999999999167       -8.6737056610795011E-005
   5.9999999999999165       -8.5730206880922720E-005
   6.0099999999999163       -8.4736691952448881E-005
   6.0199999999999161       -8.3756313477355635E-005
   6.0299999999999159       -8.2788876380197369E-005
   6.0399999999999157       -8.1834188798808174E-005
   6.0499999999999154       -8.0892062026179397E-005
   6.0599999999999152       -7.9962310453481747E-005
   6.0699999999999150       -7.9044751514208297E-005
   6.0799999999999148       -7.8139205629413567E-005
   6.0899999999999146       -7.7245496154027107E-005
   6.0999999999999144       -7.6363449324216886E-005
   6.1099999999999142       -7.5492894205781295E-005
   6.1199999999999140       -7.4633662643548053E-005
   6.1299999999999137       -7.3785589211758173E-005
   6.1399999999999135       -7.2948511165415477E-005
   6.1499999999999133       -7.2122268392579549E-005
   6.1599999999999131       -7.1306703367583806E-005
   6.1699999999999129       -7.0501661105158676E-005
   6.1799999999999127       -6.9706989115441421E-005
   6.1899999999999125       -6.8922537359852824E-005
   6.1999999999999122       -6.8148158207824485E-005
   6.2099999999999120       -6.7383706394357655E-005
   6.2199999999999118       -6.6629038978396521E-005
   6.2299999999999116       -6.5884015301999706E-005
   6.2399999999999114       -6.5148496950292596E-005
   6.2499999999999112       -6.4422347712185299E-005
   6.2599999999999110       -6.3705433541838647E-005
   6.2699999999999108       -6.2997622520865606E-005
   6.2799999999999105       -6.2298784821250122E-005
   6.2899999999999103       -6.1608792668970213E-005
   6.2999999999999101       -6.0927520308310639E-005
   6.3099999999999099       -6.0254843966851072E-005
   6.3199999999999097       -5.9590641821115024E-005
   6.3299999999999095       -5.8934793962867709E-005
   6.3399999999999093       -5.8287182366047881E-005
   6.3499999999999091       -5.7647690854321767E-005
   6.3599999999999088       -5.7016205069246460E-005
   6.3699999999999086       -5.6392612439029752E-005
   6.3799999999999084       -5.5776802147874731E-005
   6.3899999999999082       -5.5168665105897255E-005
   6.3999999999999080       -5.4568093919605102E-005
   6.4099999999999078       -5.3974982862926458E-005
   6.4199999999999076       -5.3389227848777680E-005
   6.4299999999999073       -5.2810726401159165E-005
   6.4399999999999071       -5.2239377627768261E-005
   6.4499999999999069       -5.1675082193119731E-005
   6.4599999999999067       -5.1117742292162645E-005
   6.4699999999999065       -5.0567261624384827E-005
   6.4799999999999063       -5.0023545368393781E-005
   6.4899999999999061       -4.9486500156966096E-005
   6.4999999999999059       -4.8956034052554813E-005
   6.5099999999999056       -4.8432056523246302E-005
   6.5199999999999054       -4.7914478419157415E-005
   6.5299999999999052       -4.7403211949264563E-005
   6.5399999999999050       -4.6898170658655377E-005
   6.5499999999999048       -4.6399269406196164E-005
   6.5599999999999046       -4.5906424342604529E-005
   6.5699999999999044       -4.5419552888922043E-005
   6.5799999999999041       -4.4938573715376715E-005
   6.5899999999999039       -4.4463406720628765E-005
   6.5999999999999037       -4.3993973011392179E-005
   6.6099999999999035       -4.3530194882424466E-005
   6.6199999999999033       -4.3071995796876979E-005
   6.6299999999999031       -4.2619300366999759E-005
   6.6399999999999029       -4.2172034335193335E-005
   6.6499999999999027       -4.1730124555400677E-005
   6.6599999999999024       -4.1293498974832921E-005
   6.6699999999999022       -4.0862086616022558E-005
   6.6799999999999020       -4.0435817559197162E-005
   6.6899999999999018       -4.0014622924968078E-005
   6.6999999999999016       -3.9598434857327762E-005
   6.7099999999999014       -3.9187186506949664E-005
   6.7199999999999012       -3.8780812014784783E-005
   6.7299999999999010       -3.8379246495949831E-005
   6.7399999999999007       -3.7982426023900480E-005
   6.7499999999999005       -3.7590287614885031E-005
   6.7599999999999003       -3.7202769212672427E-005
   6.7699999999999001       -3.6819809673550172E-005
   6.7799999999998999       -3.6441348751586162E-005
   6.7899999999998997       -3.6067327084149837E-005
   6.7999999999998995       -3.5697686177688245E-005
   6.8099999999998992       -3.5332368393750726E-005
   6.8199999999998990       -3.4971316935259030E-005
   6.8299999999998988       -3.4614475833017314E-005
   6.8399999999998986       -3.4261789932457841E-005
   6.8499999999998984       -3.3913204880617814E-005
   6.8599999999998982       -3.3568667113342853E-005
   6.8699999999998980       -3.3228123842713036E-005
   6.8799999999998978       -3.2891523044687681E-005
   6.8899999999998975       -3.2558813446963463E-005
   6.8999999999998973       -3.2229944517043841E-005
   6.9099999999998971       -3.1904866450513725E-005
   6.9199999999998969       -3.1583530159517374E-005
   6.9299999999998967       -3.1265887261434428E-005
   6.9399999999998965       -3.0951890067750950E-005
   6.9499999999998963       -3.0641491573122140E-005
   6.9599999999998960       -3.0334645444622121E-005
   6.9699999999998958       -3.0031306011178698E-005
   6.9799999999998956       -2.9731428253188453E-005
   6.9899999999998954       -2.9434967792309532E-005
   6.9999999999998952       -2.9141880881428653E-005
   7.0099999999998950       -2.8852124394799136E-005
   7.0199999999998948       -2.8565655818346496E-005
   7.0299999999998946       -2.8282433240139284E-005
   7.0399999999998943       -2.8002415341021139E-005
   7.0499999999998941       -2.7725561385402096E-005
   7.0599999999998939       -2.7451831212205215E-005
   7.0699999999998937       -2.7181185225966549E-005
   7.0799999999998935       -2.6913584388085311E-005
   7.0899999999998933       -2.6648990208221347E-005
   7.0999999999998931       -2.6387364735837412E-005
   7.1099999999998929       -2.6128670551883586E-005
   7.1199999999998926       -2.5872870760621223E-005
   7.1299999999998924       -2.5619928981584038E-005
   7.1399999999998922       -2.5369809341673565E-005
   7.1499999999998920       -2.5122476467386698E-005
   7.1599999999998918       -2.4877895477173037E-005
   7.1699999999998916       -2.4636031973919666E-005
   7.1799999999998914       -2.4396852037560726E-005
   7.1899999999998911       -2.4160322217810033E-005
   7.1999999999998909       -2.3926409527014372E-005
   7.2099999999998907       -2.3695081433124847E-005
   7.2199999999998905       -2.3466305852785060E-005
   7.2299999999998903       -2.3240051144533166E-005
   7.2399999999998901       -2.3016286102116202E-005
   7.2499999999998899       -2.2794979947914687E-005
   7.2599999999998897       -2.2576102326475322E-005
   7.2699999999998894       -2.2359623298150259E-005
   7.2799999999998892       -2.2145513332840328E-005
   7.2899999999998890       -2.1933743303841263E-005
   7.2999999999998888       -2.1724284481790427E-005
   7.3099999999998886       -2.1517108528712517E-005
   7.3199999999998884       -2.1312187492162511E-005
   7.3299999999998882       -2.1109493799464067E-005
   7.3399999999998879       -2.0909000252041802E-005
   7.3499999999998877       -2.0710680019845640E-005
   7.3599999999998875       -2.0514506635865666E-005
   7.3699999999998873       -2.0320453990735994E-005
   7.3799999999998871       -2.0128496327425998E-005
   7.3899999999998869       -1.9938608236017390E-005
   7.3999999999998867       -1.9750764648565544E-005
   7.4099999999998865       -1.9564940834043964E-005
   7.4199999999998862       -1.9381112393369733E-005
   7.4299999999998860       -1.9199255254509471E-005
   7.4399999999998858       -1.9019345667663569E-005
   7.4499999999998856       -1.8841360200527738E-005
   7.4599999999998854       -1.8665275733630578E-005
   7.4699999999998852       -1.8491069455745635E-005
   7.4799999999998850       -1.8318718859376772E-005
   7.4899999999998847       -1.8148201736315586E-005
   7.4999999999998845       -1.7979496173269716E-005
   7.5099999999998843       -1.7812580547560486E-005
   7.5199999999998841       -1.7647433522889180E-005
   7.5299999999998839       -1.7484034045170350E-005
   7.5399999999998837       -1.7322361338431271E-005
   7.5499999999998835       -1.7162394900776148E-005
   7.5599999999998833       -1.7004114500414387E-005
   7.5699999999998830       -1.6847500171751249E-005
   7.5799999999998828       -1.6692532211540431E-005
   7.5899999999998826       -1.6539191175097100E-005
   7.5999999999998824       -1.6387457872570453E-005
   7.6099999999998822       -1.6237313365274834E-005
   7.6199999999998820       -1.6088738962078539E-005
   7.6299999999998818       -1.5941716215848973E-005
   7.6399999999998816       -1.5796226919953530E-005
   7.6499999999998813       -1.5652253104815168E-005
   7.6599999999998811       -1.5509777034521647E-005
   7.6699999999998809       -1.5368781203487752E-005
   7.6799999999998807       -1.5229248333169169E-005
   7.6899999999998805       -1.5091161368827804E-005
   7.6999999999998803       -1.4954503476347139E-005
   7.7099999999998801       -1.4819258039096821E-005
   7.7199999999998798       -1.4685408654846032E-005
   7.7299999999998796       -1.4552939132724448E-005
   7.7399999999998794       -1.4421833490230259E-005
   7.7499999999998792       -1.4292075950284076E-005
   7.7599999999998790       -1.4163650938328528E-005
   7.7699999999998788       -1.4036543079472293E-005
   7.7799999999998786       -1.3910737195678058E-005
   7.7899999999998784       -1.3786218302993527E-005
   7.7999999999998781       -1.3662971608825158E-005
   7.8099999999998779       -1.3540982509253154E-005
   7.8199999999998777       -1.3420236586388047E-005
   7.8299999999998775       -1.3300719605767098E-005
   7.8399999999998773       -1.3182417513790832E-005
   7.8499999999998771       -1.3065316435198317E-005
   7.8599999999998769       -1.2949402670581026E-005
   7.8699999999998766       -1.2834662693934292E-005
   7.8799999999998764       -1.2721083150246114E-005
   7.8899999999998762       -1.2608650853122218E-005
   7.8999999999998760       -1.2497352782447387E-005
   7.9099999999998758       -1.2387176082081839E-005
   7.9199999999998756       -1.2278108057592505E-005
   7.9299999999998754       -1.2170136174018549E-005
   7.9399999999998752       -1.2063248053670453E-005
   7.9499999999998749       -1.1957431473962190E-005
   7.9599999999998747       -1.1852674365276019E-005
   7.9699999999998745       -1.1748964808859245E-005
   7.9799999999998743       -1.1646291034752519E-005
   7.9899999999998741       -1.1544641419749176E-005
   7.9999999999998739       -1.1444004485384894E-005
   8.0099999999998737       -1.1344368895957604E-005
   8.0199999999998735       -1.1245723456576719E-005
   8.0299999999998732       -1.1148057111241516E-005
   8.0399999999998730       -1.1051358940947999E-005
   8.0499999999998728       -1.0955618161823986E-005
   8.0599999999998726       -1.0860824123291751E-005
   8.0699999999998724       -1.0766966306257968E-005
   8.0799999999998722       -1.0674034321330364E-005
   8.0899999999998720       -1.0582017907060805E-005
   8.0999999999998717       -1.0490906928214214E-005
   8.1099999999998715       -1.0400691374063130E-005
   8.1199999999998713       -1.0311361356707227E-005
   8.1299999999998711       -1.0222907109417720E-005
   8.1399999999998709       -1.0135318985005878E-005
   8.1499999999998707       -1.0048587454215711E-005
   8.1599999999998705       -9.9627031041399923E-006
   8.1699999999998703       -9.8776566366595533E-006
   8.1799999999998700       -9.7934388669054285E-006
   8.1899999999998698       -9.7100407217433705E-006
   8.1999999999998696       -9.6274532382804769E-006
   8.2099999999998694       -9.5456675623936194E-006
   8.2199999999998692       -9.4646749472792236E-006
   8.2299999999998690       -9.3844667520241296E-006
   8.2399999999998688       -9.3050344401971624E-006
   8.2499999999998685       -9.2263695784611991E-006
   8.2599999999998683       -9.1484638352052157E-006
   8.2699999999998681       -9.0713089791961901E-006
   8.2799999999998679       -8.9948968782504125E-006
   8.2899999999998677       -8.9192194979240418E-006
   8.2999999999998675       -8.8442689002224338E-006
   8.3099999999998673       -8.7700372423280526E-006
   8.3199999999998671       -8.6965167753467559E-006
   8.3299999999998668       -8.6236998430719509E-006
   8.3399999999998666       -8.5515788807665640E-006
   8.3499999999998664       -8.4801464139623565E-006
   8.3599999999998662       -8.4093950572765263E-006
   8.3699999999998660       -8.3393175132451214E-006
   8.3799999999998658       -8.2699065711731408E-006
   8.3899999999998656       -8.2011551060010155E-006
   8.3999999999998654       -8.1330560771872205E-006
   8.4099999999998651       -8.0656025276067668E-006
   8.4199999999998649       -7.9987875824653739E-006
   8.4299999999998647       -7.9326044482289667E-006
   8.4399999999998645       -7.8670464115684321E-006
   8.4499999999998643       -7.8021068383192254E-006
   8.4599999999998641       -7.7377791724557504E-006
   8.4699999999998639       -7.6740569350801260E-006
   8.4799999999998636       -7.6109337234253595E-006
   8.4899999999998634       -7.5484032098723649E-006
   8.4999999999998632       -7.4864591409810114E-006
   8.5099999999998630       -7.4250953365346060E-006
   8.5199999999998628       -7.3643056885979327E-006
   8.5299999999998626       -7.3040841605883959E-006
   8.5399999999998624       -7.2444247863602198E-006
   8.5499999999998622       -7.1853216693014228E-006
   8.5599999999998619       -7.1267689814434702E-006
   8.5699999999998617       -7.0687609625832445E-006
   8.5799999999998615       -7.0112919194173595E-006
   8.5899999999998613       -6.9543562246884661E-006
   8.5999999999998611       -6.8979483163434236E-006
   8.6099999999998609       -6.8420626967032155E-006
   8.6199999999998607       -6.7866939316442963E-006
   8.6299999999998604       -6.7318366497913870E-006
   8.6399999999998602       -6.6774855417213214E-006
   8.6499999999998600       -6.6236353591780197E-006
   8.6599999999998598       -6.5702809142982213E-006
   8.6699999999998596       -6.5174170788479172E-006
   8.6799999999998594       -6.4650387834693008E-006
   8.6899999999998592       -6.4131410169381222E-006
   8.6999999999998590       -6.3617188254311546E-006
   8.7099999999998587       -6.3107673118038388E-006
   8.7199999999998585       -6.2602816348777219E-006
   8.7299999999998583       -6.2102570087377280E-006
   8.7399999999998581       -6.1606887020390500E-006
   8.7499999999998579       -6.1115720373234363E-006
   8.7599999999998577       -6.0629023903448944E-006
   8.7699999999998575       -6.0146751894045504E-006
   8.7799999999998573       -5.9668859146945754E-006
   8.7899999999998570       -5.9195300976510330E-006
   8.7999999999998568       -5.8726033203155169E-006
   8.8099999999998566       -5.8261012147054975E-006
   8.8199999999998564       -5.7800194621931220E-006
   8.8299999999998562       -5.7343537928925006E-006
   8.8399999999998560       -5.6890999850552686E-006
   8.8499999999998558       -5.6442538644742722E-006
   8.8599999999998555       -5.5998113038953665E-006
   8.8699999999998553       -5.5557682224370999E-006
   8.8799999999998551       -5.5121205850182220E-006
   8.8899999999998549       -5.4688644017929145E-006
   8.8999999999998547       -5.4259957275935775E-006
   8.9099999999998545       -5.3835106613811231E-006
   8.9199999999998543       -5.3414053457026151E-006
   8.9299999999998541       -5.2996759661562044E-006
   8.9399999999998538       -5.2583187508631975E-006
   8.9499999999998536       -5.2173299699471673E-006
   8.9599999999998534       -5.1767059350200552E-006
   8.9699999999998532       -5.1364429986750971E-006
   8.9799999999998530       -5.0965375539865151E-006
   8.9899999999998528       -5.0569860340158412E-006
   8.9999999999998526       -5.0177849113248376E-006
   9.0099999999998523       -4.9789306974948627E-006
   9.0199999999998521       -4.9404199426526057E-006
   9.0299999999998519       -4.9022492350021085E-006
   9.0399999999998517       -4.8644152003629871E-006
   9.0499999999998515       -4.8269145017147419E-006
   9.0599999999998513       -4.7897438387470806E-006
   9.0699999999998511       -4.7528999474161970E-006
   9.0799999999998509       -4.7163795995068625E-006
   9.0899999999998506       -4.6801796022003004E-006
   9.0999999999998504       -4.6442967976477353E-006
   9.1099999999998502       -4.6087280625495329E-006
   9.1199999999998500       -4.5734703077398590E-006
   9.1299999999998498       -4.5385204777768091E-006
   9.1399999999998496       -4.5038755505378530E-006
   9.1499999999998494       -4.4695325368205949E-006
   9.1599999999998492       -4.4354884799487628E-006
   9.1699999999998489       -4.4017404553833066E-006
   9.1799999999998487       -4.3682855703385609E-006
   9.1899999999998485       -4.3351209634034445E-006
   9.1999999999998483       -4.3022438041675399E-006
   9.2099999999998481       -4.2696512928520490E-006
   9.2199999999998479       -4.2373406599455288E-006
   9.2299999999998477       -4.2053091658443676E-006
   9.2399999999998474       -4.1735541004978810E-006
   9.2499999999998472       -4.1420727830580266E-006
   9.2599999999998470       -4.1108625615336375E-006
   9.2699999999998468       -4.0799208124490928E-006
   9.2799999999998466       -4.0492449405074228E-006
   9.2899999999998464       -4.0188323782577308E-006
   9.2999999999998462       -3.9886805857668983E-006
   9.3099999999998460       -3.9587870502955022E-006
   9.3199999999998457       -3.9291492859779065E-006
   9.3299999999998455       -3.8997648335064259E-006
   9.3399999999998453       -3.8706312598195762E-006
   9.3499999999998451       -3.8417461577942658E-006
   9.3599999999998449       -3.8131071459419722E-006
   9.3699999999998447       -3.7847118681087360E-006
   9.3799999999998445       -3.7565579931790464E-006
   9.3899999999998442       -3.7286432147834394E-006
   9.3999999999998440       -3.7009652510098625E-006
   9.4099999999998438       -3.6735218441186775E-006
   9.4199999999998436       -3.6463107602613099E-006
   9.4299999999998434       -3.6193297892024216E-006
   9.4399999999998432       -3.5925767440456691E-006
   9.4499999999998430       -3.5660494609628771E-006
   9.4599999999998428       -3.5397457989266613E-006
   9.4699999999998425       -3.5136636394464235E-006
   9.4799999999998423       -3.4878008863076812E-006
   9.4899999999998421       -3.4621554653146844E-006
   9.4999999999998419       -3.4367253240362598E-006
   9.5099999999998417       -3.4115084315548638E-006
   9.5199999999998415       -3.3865027782187990E-006
   9.5299999999998413       -3.3617063753975082E-006
   9.5399999999998411       -3.3371172552399735E-006
   9.5499999999998408       -3.3127334704361167E-006
   9.5599999999998406       -3.2885530939811913E-006
   9.5699999999998404       -3.2645742189431321E-006
   9.5799999999998402       -3.2407949582327897E-006
   9.5899999999998400       -3.2172134443770389E-006
   9.5999999999998398       -3.1938278292947250E-006
   9.6099999999998396       -3.1706362840753890E-006
   9.6199999999998393       -3.1476369987607448E-006
   9.6299999999998391       -3.1248281821288554E-006
   9.6399999999998389       -3.1022080614810330E-006
   9.6499999999998387       -3.0797748824313315E-006
   9.6599999999998385       -3.0575269086986672E-006
   9.6699999999998383       -3.0354624219015187E-006
   9.6799999999998381       -3.0135797213551417E-006
   9.6899999999998379       -2.9918771238713151E-006
   9.6999999999998376       -2.9703529635605301E-006
   9.7099999999998374       -2.9490055916366326E-006
   9.7199999999998372       -2.9278333762238701E-006
   9.7299999999998370       -2.9068347021663003E-006
   9.7399999999998368       -2.8860079708395472E-006
   9.7499999999998366       -2.8653515999648734E-006
   9.7599999999998364       -2.8448640234255147E-006
   9.7699999999998361       -2.8245436910852750E-006
   9.7799999999998359       -2.8043890686093516E-006
   9.7899999999998357       -2.7843986372873170E-006
   9.7999999999998355       -2.7645708938582980E-006
   9.8099999999998353       -2.7449043503382576E-006
   9.8199999999998351       -2.7253975338494017E-006
   9.8299999999998349       -2.7060489864516537E-006
   9.8399999999998347       -2.6868572649761704E-006
   9.8499999999998344       -2.6678209408609029E-006
   9.8599999999998342       -2.6489385999881161E-006
   9.8699999999998340       -2.6302088425239211E-006
   9.8799999999998338       -2.6116302827597128E-006
   9.8899999999998336       -2.5932015489555443E-006
   9.8999999999998334       -2.5749212831853998E-006
   9.9099999999998332       -2.5567881411843134E-006
   9.9199999999998330       -2.5388007921973609E-006
   9.9299999999998327       -2.5209579188304333E-006
   9.9399999999998325       -2.5032582169028527E-006
   9.9499999999998323       -2.4857003953017140E-006
   9.9599999999998321       -2.4682831758380110E-006
   9.9699999999998319       -2.4510052931044709E-006
   9.9799999999998317       -2.4338654943350999E-006
   9.9899999999998315       -2.4168625392664031E-006
   9.9999999999998312       -2.3999952000002832E-006
